Variables,Accuracy,Kappa,AccuracySD,KappaSD
1,0.6005049038197667,0.5035010031456757,0.03714966001564482,0.04127459178506507
2,0.701376502666403,0.6280566644909059,0.026868264599903283,0.03131609974230414
3,0.732395185819818,0.666227512994272,0.02143262019991366,0.025619394873410483
4,0.7554405428455011,0.6966416240742818,0.02027704194033369,0.02445817636922687
5,0.7649124764097527,0.7095378186174002,0.023238624430249703,0.02796693233094725
6,0.7668565087215137,0.7122881096612749,0.02257614133064011,0.027229540512668154
7,0.7680871276393488,0.7138977406365543,0.022409124208745787,0.026955085142236504
8,0.7683041656412074,0.7141596489691941,0.022914525684647292,0.027657209716576675
9,0.7700447786833847,0.7167721702946371,0.023365160040029583,0.028118713883147885
10,0.7730267771317629,0.720286517218535,0.023932499062669754,0.028823677950539004
11,0.7938996269486703,0.7458389436002315,0.02032634468189649,0.024358496340515255
12,0.8098092110344521,0.7655025422271816,0.02036819781697524,0.024569240706825524
13,0.8292252419011251,0.7894264739064422,0.02233219744586428,0.027295414169848358
14,0.8342502205034441,0.7955765258719879,0.02084879730625491,0.025335502181001442
15,0.835493384425797,0.7970684683831529,0.01962385529988346,0.023877950847451052
16,0.8370778189485814,0.799143124831015,0.01925307601032786,0.023399988702338118
17,0.8385463997412334,0.8009054051128673,0.019336928133063515,0.023473551878911224
18,0.8389210629077369,0.8013248050685328,0.01885874293884127,0.022933259897853647
19,0.8391351258489682,0.8015645280857329,0.018857636189785594,0.022869532640630217
20,0.8394014726173394,0.8018517846618972,0.018490351895284477,0.022455933190368434
21,0.8388785151312974,0.8011767396752487,0.018461478873512106,0.022365434863078484
22,0.8376306208385625,0.7996124951310509,0.018170052912422248,0.022091367915397744
23,0.8367163540348673,0.7984274810868087,0.0188682811557814,0.022967160151821302
24,0.8368391504586147,0.7985444100769324,0.01852613514566341,0.02250466696334802
25,0.8383529210636478,0.8004983246369062,0.01925455321896015,0.023452422425374736
26,0.8392142200642112,0.8014927879302418,0.018291083111897453,0.02231921695968838
27,0.839933769067051,0.8023610002401708,0.0187684374784005,0.022872275724878446
28,0.8400525575701985,0.8024851845772426,0.01901388310261917,0.023189041564547572
29,0.8412057451836676,0.803904306573636,0.0188331963871464,0.022928936747360105
30,0.8409312554433682,0.8035444888924584,0.018714804947892124,0.022830073824897393
31,0.8404478431771193,0.8029068977386036,0.01872706230912326,0.022881022953719334
32,0.8405611178276627,0.803057078443743,0.018991625068575494,0.02309396195607551
33,0.8404678222586169,0.8029026163342824,0.01897338785363494,0.023124087960610596
34,0.8400613549941075,0.802373718363463,0.019026760808893373,0.023238798401451887
